departamento,cant de personas en nivel_inicial,cant de personas en jardin_de_infantes,cant de personas en primario,cant de personas en secundario,total poblacion
1 DE MAYO,600,760,1810,1262,14265.0
12 DE OCTUBRE,1136,1126,2851,2323,23179.0
2 DE ABRIL,338,407,895,768,8310.0
25 DE MAYO,5966,7057,17439,14524,136273.0
9 DE JULIO,5032,6207,15150,13048,129711.0
ADOLFO ALSINA,2479,3330,8821,7483,81189.0
ADOLFO GONZALES CHAVES,427,523,1401,1170,12847.0
AGUIRRE,370,434,1064,941,8959.0
ALBARDON,1390,1568,4253,3543,31281.0
ALBERDI,1114,1184,2854,2369,20104.0
ALBERTI,409,495,1378,1198,12906.0
ALMIRANTE BROWN,20479,27372,73002,62831,621003.0
ALUMINE,381,497,1208,1021,10173.0
AMBATO,156,218,439,401,5087.0
ANCASTI,106,137,334,322,3282.0
ANDALGALA,665,870,2037,2051,19545.0
ANGACO,450,519,1380,1164,10172.0
ANTA,3425,3627,9429,7601,69442.0
ANTOFAGASTA DE LA SIERRA,68,74,241,174,1822.0
APOSTOLES,2441,2821,6783,5453,50503.0
ARAUCO,589,764,1915,1593,16251.0
ARRECIFES,1209,1435,3542,2961,32077.0
ATAMISQUI,698,822,2168,1880,14894.0
ATREUCO,349,420,1146,1002,11053.0
AVELLANEDA,12362,16587,45549,39833,432739.0
AYACUCHO,1630,2072,5212,4621,45410.0
AZUL,2304,3086,8219,7066,75152.0
AÑELO,884,1024,2480,1881,18150.0
BAHIA BLANCA,10099,12522,33944,28746,334505.0
BALCARCE,1665,1973,5070,4268,48516.0
BANDA,7054,9064,21600,17110,170401.0
BARADERO,1528,1697,4372,3818,39223.0
BARILOCHE,4866,6400,17315,13885,161443.0
BELEN,1048,1434,3513,3350,30353.0
BELGRANO,2261,2813,6847,5912,64928.0
BELLA VISTA,2069,2328,5598,4349,44369.0
BENITO JUAREZ,692,916,2277,2015,21185.0
BERAZATEGUI,10963,14843,41462,35467,358328.0
BERISSO,3377,4327,11779,9722,100685.0
BERMEJO,1992,2331,5802,4657,43660.0
BERON DE ASTRADA,94,137,301,288,2808.0
BIEDMA,3737,4374,12244,10407,102806.0
BOLIVAR,1240,1590,3857,3206,37194.0
BRAGADO,1476,1884,4807,4203,46227.0
BRANDSEN,1113,1475,3997,3510,32350.0
BURRUYACU,1999,2331,6034,4942,45459.0
CACHI,373,459,1236,883,8928.0
CAFAYATE,626,804,2378,1887,17822.0
CAINGUAS,3043,3382,8762,6766,59875.0
CALAMUCHITA,2573,3329,8474,7104,75462.0
CALEU CALEU,84,110,325,283,2611.0
CALINGASTA,498,606,1476,1116,10667.0
CAMPANA,3492,4628,12587,10846,107976.0
CANDELARIA,1789,1969,4979,3937,34945.0
CAPAYAN,799,898,2244,2043,19471.0
CAPITAL,153268,193401,492690,419012,4621161.0
CAPITAN SARMIENTO,555,625,1713,1441,15882.0
CARLOS CASARES,752,979,2491,2110,22905.0
CARLOS TEJEDOR,479,628,1557,1266,14007.0
CARMEN DE ARECO,658,785,1927,1709,17345.0
CASEROS,2781,3185,8294,7108,86261.0
CASTELLANOS,6750,8342,20593,17437,189464.0
CASTELLI,344,416,1013,904,9551.0
CASTRO BARROS,170,239,626,511,5810.0
CATAN LIL,82,138,368,258,2641.0
CATRILO,276,372,1019,794,8225.0
CAUCETE,2007,2312,5636,5029,44017.0
CAÑUELAS,2650,3575,9538,7497,70542.0
CERRILLOS,2358,2984,8047,6079,55713.0
CHACABUCO,3816,4762,12200,10617,113424.0
CHALILEO,71,130,354,270,2868.0
CHAMICAL,587,720,1589,1472,15630.0
CHAPALEUFU,409,551,1353,1136,12277.0
CHICAL CO,44,66,180,163,1461.0
CHICLIGASTA,3448,4203,10719,8977,92308.0
CHICOANA,932,1137,3014,2568,24715.0
CHILECITO,2006,2573,7038,6402,58681.0
CHIMBAS,4463,5416,13494,11469,103772.0
CHIVILCOY,2173,2733,7181,6479,70554.0
CHOS MALAL,564,734,2162,1701,18289.0
CHOYA,1675,2071,5276,4520,43692.0
COCHINOCA,567,755,2002,1782,14998.0
COLLON CURA,143,217,535,461,4832.0
COLON,14078,18096,45897,38850,396807.0
COMANDANTE FERNANDEZ,3825,4754,12218,10680,101086.0
COMUNA 1,5368,6851,17398,14659,221001.0
COMUNA 10,3510,4745,13286,12254,171896.0
COMUNA 11,3987,5321,14922,13918,201905.0
COMUNA 12,5266,6676,17210,14615,235364.0
COMUNA 13,5504,6553,17774,16311,262330.0
COMUNA 14,5214,5701,14539,13329,247252.0
COMUNA 15,4060,5328,14068,12311,195265.0
COMUNA 2,3095,3521,8758,9155,160609.0
COMUNA 3,4021,5197,13857,12322,193537.0
COMUNA 4,5724,8119,22520,18869,227024.0
COMUNA 5,3669,4779,13029,11616,192449.0
COMUNA 6,4024,5158,13889,12281,201764.0
COMUNA 7,4653,6129,17292,15351,213262.0
COMUNA 8,6126,8442,23918,20127,203888.0
COMUNA 9,3558,5015,14531,13545,167908.0
CONCEPCION,1775,2103,5105,4297,36573.0
CONCORDIA,7953,9948,24910,19760,197603.0
CONESA,260,345,840,630,7398.0
CONFLUENCIA,14973,19766,52500,42174,467217.0
CONHELO,416,607,1567,1227,15094.0
CONSTITUCION,3114,3679,9370,8501,93000.0
COPO,1784,2124,4966,4367,35653.0
CORONEL DE MARINA L ROSALES,2021,2684,7353,6424,65823.0
CORONEL DORREGO,499,632,1609,1418,15795.0
CORONEL FELIPE VARELA,350,479,1249,1001,11371.0
CORONEL PRINGLES,1359,1711,4501,3807,40154.0
CORONEL SUAREZ,1308,1573,4418,3537,41713.0
CORPEN AIKE,635,821,1949,1497,15035.0
CRUZ ALTA,9413,11658,29374,23883,227688.0
CRUZ DEL EJE,2526,3124,7539,6409,64748.0
CURACO,45,54,125,90,1103.0
CURUZU CUATIA,2127,2522,6209,5270,51489.0
CUSHAMEN,851,1171,3216,2710,28099.0
DAIREAUX,605,790,1986,1828,18328.0
DESEADO,4603,6113,16156,13468,126266.0
DIAMANTE,1692,2155,5216,4404,52312.0
DOCTOR MANUEL BELGRANO,9742,13306,36369,29775,319469.0
DOLORES,1171,1398,3369,2998,31405.0
EL ALTO,190,204,517,485,4375.0
EL CARMEN,4828,6190,15576,12999,122259.0
EL CUY,236,309,901,675,6960.0
ELDORADO,3997,4724,12100,9635,91133.0
EMPEDRADO,697,877,2041,1795,17948.0
ENSENADA,2057,2860,7776,6660,63978.0
ESCALANTE,7262,9406,25207,20255,214829.0
ESCOBAR,9606,12294,31983,25714,256071.0
ESQUINA,1545,2117,4809,4256,39168.0
ESTEBAN ECHEVERRIA,12180,15490,41112,34241,337880.0
EXALTACION DE LA CRUZ,1495,1929,4920,3860,40036.0
EZEIZA,7330,9825,25615,21089,198620.0
FAMAILLA,1917,2322,5489,4607,42669.0
FAMATINA,214,265,757,711,6984.0
FEDERACION,3023,3853,9326,7362,78264.0
FEDERAL,1181,1448,3327,2784,29436.0
FELICIANO,636,825,2002,1752,16717.0
FIGUEROA,944,1183,2803,2471,20246.0
FLORENCIO VARELA,19960,24703,64455,52426,488103.0
FLORENTINO AMEGHINO,478,573,1496,1264,12541.0
FORMOSA,9174,11953,30764,26381,268572.0
FRAY JUSTO SANTA MARIA DE ORO,446,522,1305,1039,10643.0
FRAY MAMERTO ESQUIU,553,654,1651,1397,14624.0
FUTALEUFU,1486,2036,5702,4656,49965.0
GAIMAN,458,540,1396,1244,12505.0
GARAY,1130,1219,2920,2238,24853.0
GASTRE,31,52,108,97,1181.0
GENERAL ALVARADO,1625,1945,4822,4254,45307.0
GENERAL ALVEAR,2534,3166,8483,6694,71580.0
GENERAL ANGEL V PEÑALOZA,117,138,392,296,3184.0
GENERAL ARENALES,557,655,1535,1404,16231.0
GENERAL BELGRANO,1634,2016,4754,4091,41096.0
GENERAL DONOVAN,538,747,1794,1513,15061.0
GENERAL GUEMES,5155,6624,16403,13091,124175.0
GENERAL GUIDO,99,137,338,304,3157.0
GENERAL JOSE DE SAN MARTIN,9021,10488,25874,20452,177448.0
GENERAL JUAN F QUIROGA,150,187,406,417,4013.0
GENERAL JUAN MADARIAGA,639,909,2637,2375,22566.0
GENERAL JUAN MARTIN DE PUEYRREDON,8969,10712,28921,27055,260769.0
GENERAL LA MADRID,392,474,1263,980,11535.0
GENERAL LAMADRID,72,86,191,187,1885.0
GENERAL LAS HERAS,630,836,2054,1823,17980.0
GENERAL LAVALLE,169,250,636,493,4846.0
GENERAL LOPEZ,6703,8181,20764,17525,200455.0
GENERAL MANUEL BELGRANO,2541,2917,6918,5169,45456.0
GENERAL OBLIGADO,7795,9407,22397,19095,197533.0
GENERAL OCAMPO,269,298,765,696,7347.0
GENERAL PAZ,1083,1437,3621,3026,31157.0
GENERAL PEDERNERA,5399,6523,17217,15346,148671.0
GENERAL PINTO,519,585,1321,1175,12842.0
GENERAL PUEYRREDON,18327,23100,62565,57730,660569.0
GENERAL ROCA,14255,17946,47253,38853,415691.0
GENERAL RODRIGUEZ,6329,7808,20970,15698,142315.0
GENERAL SAN MARTIN,17858,23068,61901,53883,601917.0
GENERAL TABOADA,2219,2553,6042,5394,46304.0
GENERAL VIAMONTE,799,1002,2538,2039,22530.0
GENERAL VILLEGAS,1287,1510,4006,3428,35055.0
GOBERNADOR DUPUY,577,706,1708,1593,14334.0
GODOY CRUZ,5833,7559,19838,16701,194557.0
GOYA,4076,4959,12729,11020,106223.0
GRANEROS,634,800,1880,1613,15539.0
GUACHIPAS,129,185,403,332,3491.0
GUALEGUAY,1971,2558,6359,5287,56796.0
GUALEGUAYCHU,4088,5322,13745,11683,125176.0
GUAMINI,362,460,1189,1063,11662.0
GUARANI,4153,4649,11433,8836,77075.0
GUASAYAN,406,494,1095,941,9251.0
GUATRACHE,332,358,894,827,9397.0
GUAYMALLEN,10918,14431,36996,29798,320871.0
GUER AIKE,4428,6145,16392,13731,137309.0
HIPOLITO YRIGOYEN,354,435,1110,965,10581.0
HUCAL,200,286,693,617,7713.0
HUILICHES,711,1002,2530,1973,20853.0
HUMAHUACA,712,1040,2892,2366,20877.0
HURLINGHAM,4945,6675,18866,16751,185361.0
IGLESIA,390,429,1084,908,8826.0
IGUAZU,4872,5769,14290,10929,99838.0
INDEPENDENCIA,1154,1373,3311,3033,24347.0
IRIONDO,2604,3138,7768,6189,73636.0
IRUYA,290,386,930,785,6116.0
ISCHILIN,1382,1743,4159,3859,36023.0
ISLAS DEL IBICUY,564,707,1790,1491,13984.0
ITATI,499,637,1491,1164,11946.0
ITUZAINGO,6258,8265,22570,20077,216750.0
JACHAL,987,1168,2781,2398,25269.0
JIMENEZ,867,980,2376,2055,18622.0
JOSE C. PAZ,13198,16399,42316,34014,326527.0
JUAN B ALBERDI,1322,1586,4124,3462,34745.0
JUAN F IBARRA,1013,1139,3004,2585,20567.0
JUAREZ CELMAN,2487,3118,7504,6295,68317.0
JUNIN,6261,7769,20004,17003,187725.0
LA CALDERA,419,547,1430,1076,12246.0
LA CANDELARIA,253,343,904,755,7182.0
LA CAPITAL,18846,24091,60178,51318,568259.0
LA COCHA,902,992,2557,2282,21196.0
LA COSTA,3210,4245,11364,10072,100400.0
LA MATANZA,69872,87162,225872,181212,1837168.0
LA PAZ,4505,5414,13739,11462,113630.0
LA PLATA,22815,29260,77998,67326,756074.0
LA POMA,68,99,260,234,1789.0
LA VIÑA,336,424,1108,909,8888.0
LACAR,1147,1654,4460,3818,39567.0
LAGO ARGENTINO,849,1331,3312,2596,25384.0
LAGO BUENOS AIRES,546,752,1616,1174,12584.0
LAISHI,743,982,2496,2230,19275.0
LANGUIÑEO,95,141,297,269,2862.0
LANUS,12105,16028,44506,39855,460081.0
LAPRIDA,369,532,1366,1152,11496.0
LAS COLONIAS,3858,4661,11728,10201,114730.0
LAS FLORES,881,1101,2771,2543,27136.0
LAS HERAS,8397,11303,28992,23685,233839.0
LAVALLE,3984,4974,12219,9403,87492.0
LEALES,2589,3089,7892,6716,66352.0
LEANDRO N. ALEM,2562,3229,7920,6579,66544.0
LEDESMA,3698,4449,11518,9498,94132.0
LEZAMA,188,255,639,570,6170.0
LIBERTAD,568,714,1682,1357,13775.0
LIBERTADOR GENERAL SAN MARTIN,5378,6690,15778,12872,122161.0
LIHUEL CALEL,17,22,52,44,428.0
LIMAY MAHUIDA,19,14,46,24,413.0
LINCOLN,1637,1843,4674,4080,45191.0
LOBERIA,603,699,1865,1638,18106.0
LOBOS,1441,1853,4668,4035,41418.0
LOMAS DE ZAMORA,22019,28806,76967,65257,685644.0
LONCOPUE,280,395,927,729,7696.0
LORETO,1088,1155,3051,2561,24047.0
LOS ANDES,380,495,1130,923,7182.0
LOS LAGOS,481,655,1861,1466,15502.0
LOVENTUE,270,377,993,858,9243.0
LUJAN,3651,4701,12341,10388,110111.0
LUJAN DE CUYO,6056,7858,20822,17463,171883.0
LULES,3825,4717,12694,9951,93464.0
MAGALLANES,485,625,1739,1324,12828.0
MAGDALENA,893,1042,2768,2260,22653.0
MAIPU,9536,12189,31144,25299,256494.0
MALARGUE,1182,1629,4345,3426,32596.0
MALVINAS ARGENTINAS,11378,14565,40319,34959,349401.0
MAR CHIQUITA,1096,1423,3622,3044,32973.0
MARACO,2311,2981,7633,6334,69067.0
MARCOS JUAREZ,3515,4276,10712,9015,107286.0
MARCOS PAZ,2513,3460,8477,7148,64761.0
MARTIRES,21,43,74,54,744.0
MATACOS,899,1019,2539,2024,17017.0
MAYOR LUIS J FONTANA,2719,3161,7600,5872,59798.0
MBURUCUYA,492,510,1317,1230,11541.0
MERCEDES,4689,5733,14002,11435,120809.0
MERLO,20902,27105,71541,59718,581484.0
METAN,1944,2382,5695,4488,48028.0
MINAS,425,683,1560,1285,14122.0
MITRE,50,62,143,160,1440.0
MOLINOS,214,302,837,706,5808.0
MONTE,824,1098,3031,2380,24616.0
MONTE CASEROS,1839,2277,5486,4434,45602.0
MONTE HERMOSO,279,317,942,782,8444.0
MONTECARLO,1664,2010,5313,4258,38620.0
MONTEROS,2944,3579,9280,7910,77469.0
MORENO,24437,30962,81992,65537,616110.0
MORON,7698,10346,28780,26584,329517.0
NAVARRO,673,828,2341,2082,19888.0
NECOCHEA,3009,3905,10545,9347,101483.0
NOGOYA,1490,1874,4731,3961,42954.0
O HIGGINS,991,1099,3018,2575,21544.0
OBERA,5347,6333,16152,12528,120703.0
OJO DE AGUA,634,758,1714,1633,15008.0
OLAVARRIA,3714,4840,13055,11526,122011.0
ORAN,7706,8945,22746,18047,159715.0
PACLIN,145,172,512,450,4696.0
PALPALA,1945,2855,7650,6532,65522.0
PARANA,11940,16035,40780,34203,388716.0
PASO DE INDIOS,61,76,191,147,1882.0
PASO DE LOS LIBRES,2478,2964,7451,6405,56778.0
PATAGONES,1227,1630,4262,3335,37499.0
PATIÑO,3451,4619,11476,8864,81600.0
PEHUAJO,1588,1886,4827,4284,44594.0
PEHUENCHES,1140,1538,4093,3242,29721.0
PELLEGRINI,1503,1791,4465,3547,33305.0
PERGAMINO,3856,4820,12264,10389,114988.0
PICHI MAHUIDA,546,798,1943,1439,16493.0
PICUN LEUFU,169,222,631,445,5087.0
PICUNCHES,297,424,1097,793,8471.0
PILA,160,248,592,441,4615.0
PILAGAS,861,1003,2530,2118,19089.0
PILAR,15629,18864,49944,41528,393614.0
PILCANIYEU,262,336,1107,821,9309.0
PILCOMAYO,3984,4950,11883,9453,94116.0
PINAMAR,1324,1719,4519,3979,39224.0
PIRANE,2933,3897,9417,7940,72560.0
POCHO,169,208,472,471,5070.0
POCITO,3266,4016,10435,8555,72879.0
POMAN,434,554,1480,1321,12219.0
PRESIDENCIA DE LA PLAZA,597,756,1853,1510,13938.0
PRESIDENTE PERON,4607,5563,14476,11730,101994.0
PRESIDENTE ROQUE SAENZ PEÑA,1291,1616,4130,3526,37551.0
PUAN,457,541,1459,1232,16391.0
PUELEN,481,614,1576,1178,11636.0
PUNILLA,6565,8649,22996,19945,219494.0
PUNTA INDIO,401,535,1384,1047,12161.0
QUEBRACHOS,545,741,1585,1324,12336.0
QUEMU QUEMU,268,332,825,807,8404.0
QUILMES,20378,26975,70881,60085,631774.0
QUITILIPI,1490,1678,3819,3539,32430.0
RAMALLO,1522,1929,4707,4088,39648.0
RAMON LISTA,1088,1333,3239,2578,17678.0
RANCUL,344,509,1281,1164,11090.0
RAUCH,528,669,1761,1519,16491.0
RAWSON,10017,12433,32532,27547,281002.0
REALICO,523,709,1924,1672,17356.0
RINCONADA,84,86,292,187,1797.0
RIO CHICO,2746,3364,8614,7136,71198.0
RIO CUARTO,9807,11863,28900,24194,277979.0
RIO HONDO,2939,3438,8569,6856,66637.0
RIO PRIMERO,2424,2879,6664,5637,58181.0
RIO SECO,612,712,1890,1619,15275.0
RIO SEGUNDO,4071,4752,12120,10358,113311.0
RIO SENGUER,260,305,746,517,6347.0
RIVADAVIA,9413,11516,28768,22987,228034.0
ROBLES,2476,2959,7173,5982,53879.0
ROJAS,824,1027,2724,2362,25619.0
ROQUE PEREZ,489,615,1572,1316,13901.0
ROSARIO,44165,53739,136909,111326,1337958.0
ROSARIO DE LA FRONTERA,1336,1630,4146,3302,33750.0
ROSARIO DE LERMA,2067,2668,6604,5208,50961.0
ROSARIO VERA PEÑALOZA,565,745,1900,1616,15764.0
SAAVEDRA,651,785,2109,1799,21407.0
SALADAS,1248,1455,3566,3134,29126.0
SALADILLO,1240,1476,3785,3339,35423.0
SALAVINA,628,666,1746,1654,12775.0
SALLIQUELO,287,366,963,846,9344.0
SALTO,1447,1728,4405,3794,39257.0
SAN ALBERTO,1425,1903,4666,3958,42029.0
SAN ANDRES DE GILES,915,1236,3031,2583,26399.0
SAN ANTONIO,1469,1800,4986,4033,42202.0
SAN ANTONIO DE ARECO,952,1168,2873,2569,26695.0
SAN BLAS DE LOS SAUCES,151,194,501,422,4306.0
SAN CARLOS,1802,2347,6211,4830,47531.0
SAN CAYETANO,301,314,865,747,8918.0
SAN COSME,731,902,2191,1708,19679.0
SAN CRISTOBAL,2631,3275,8274,6990,72593.0
SAN FERNANDO,18685,24634,63414,52252,584863.0
SAN IGNACIO,3025,3473,8670,6716,63194.0
SAN ISIDRO,7569,9488,26323,25052,295978.0
SAN JAVIER,4754,5477,14348,11312,118960.0
SAN JERONIMO,2940,3767,9086,7615,84617.0
SAN JUSTO,9613,11890,29367,25681,275437.0
SAN LORENZO,8067,9996,24969,19383,209831.0
SAN LUIS DEL PALMAR,825,1037,2392,2129,21381.0
SAN MARTIN,9471,11629,30152,24011,248089.0
SAN MIGUEL,11342,14697,38793,32133,340350.0
SAN NICOLAS,5789,6938,17845,15225,166657.0
SAN PEDRO,7806,9642,24755,19814,191280.0
SAN RAFAEL,7467,9770,24756,19958,213204.0
SAN ROQUE,1026,1145,2726,2356,22682.0
SAN SALVADOR,796,947,2487,2170,20786.0
SAN VICENTE,4354,5505,14032,10952,97929.0
SANAGASTA,106,124,361,270,2994.0
SANTA BARBARA,844,1061,2848,2152,20497.0
SANTA CATALINA,110,172,350,304,2641.0
SANTA LUCIA,2460,3160,7756,6279,62697.0
SANTA MARIA,6198,7983,19653,15939,165834.0
SANTA ROSA,1300,1619,3985,3258,32696.0
SANTA VICTORIA,385,524,1436,1218,9411.0
SANTO TOME,3275,3709,9454,7725,71922.0
SARGENTO CABRAL,808,961,2286,1912,18696.0
SARMIENTO,2101,2652,6570,5438,46699.0
SAUCE,393,529,1251,1114,10382.0
SILIPICA,397,464,1173,1076,9766.0
SIMOCA,1423,1709,4427,3591,36946.0
SOBREMONTE,153,192,468,474,4381.0
SUIPACHA,446,535,1328,1257,11736.0
SUSQUES,190,249,604,483,3966.0
TAFI DEL VALLE,818,1010,2606,2135,22382.0
TAFI VIEJO,6557,8495,21744,17829,172877.0
TALA,1067,1410,3601,2963,31091.0
TANDIL,4268,5517,14723,12884,144678.0
TAPALQUE,387,486,1125,1059,10695.0
TAPENAGA,187,207,505,442,4051.0
TEHUELCHES,197,267,754,546,5947.0
TELSEN,57,60,167,151,1608.0
TERCERO ARRIBA,3991,5123,12660,10615,120207.0
TIGRE,14157,18454,51961,45401,446291.0
TILCARA,437,626,1787,1565,14621.0
TINOGASTA,890,1134,2784,2684,25254.0
TOAY,641,899,2436,1773,17927.0
TOLHUIN,259,322,832,662,6027.0
TORDILLO,108,136,298,231,2528.0
TORNQUIST,427,570,1549,1238,14591.0
TOTORAL,911,1032,2627,2260,22473.0
TRANCAS,1022,1163,2854,2478,23438.0
TRENEL,186,249,580,495,5637.0
TRENQUE LAUQUEN,1845,2171,5326,4442,49128.0
TRES ARROYOS,1828,2432,6392,5392,61889.0
TRES DE FEBRERO,8886,12280,33616,30170,362319.0
TRES LOMAS,302,380,989,831,9090.0
TULUMBA,537,621,1454,1262,14092.0
TUMBAYA,166,209,631,468,5298.0
TUNUYAN,2267,2891,7833,6153,59972.0
TUPUNGATO,1685,2125,5685,4481,41168.0
ULLUM,257,357,864,704,6454.0
UNION,3968,4780,12013,10336,113635.0
URUGUAY,3765,4867,12543,10989,115516.0
UTRACAN,557,764,2084,1668,17686.0
VALCHETA,154,183,457,367,4300.0
VALLE FERTIL,358,414,963,801,8425.0
VALLE GRANDE,83,111,332,273,2490.0
VALLE VIEJO,1147,1520,3862,3346,33951.0
VERA,2213,2772,6546,5536,55463.0
VICENTE LOPEZ,6545,8348,22610,21312,280541.0
VICTORIA,1379,1744,4259,3629,40301.0
VILLA GESELL,1107,1476,4267,3801,37325.0
VILLAGUAY,2097,2582,6258,5445,55284.0
VILLARINO,1171,1415,3677,3288,32552.0
VINCHINA,108,116,294,257,2695.0
YAVI,1035,1332,3247,2798,25831.0
YERBA BUENA,3731,4689,11860,10036,102589.0
ZAPALA,1395,2031,5480,4533,45540.0
ZARATE,4430,5546,15431,13300,131415.0
ZONDA,317,362,881,729,6674.0
ÑORQUIN,171,269,646,522,5572.0
ÑORQUINCO,50,63,141,127,1452.0
